User-Defined Residential Building,
Inputs + Space Description,
,Co (ppm),HCeil (m),tmetric (h),Q (L/s person),Qalt (L/s person),Bfl (m²),
,420,2.4,2.0,5.1,10.0,84,

Scenario,Method,NOccH,Nbr,
Whole House,ACH,3,2,

Occupants,
,Nocc,Sex,Mass (kg),Age Group,Activity Level (met),
,1,M,68.0,30 to 59,1,
,1,F,63.5,30 to 59,1,
,1,M,18.1,3 to 9,1,

,tss (h),Css (ppm),Cm (ppm),C1h (ppm),
Primary Results,11.1,983,655,553,
Alternate Results,17.1,1285,676,559,

Plot Data,
,Time (h),C (ppm),Calt (ppm),
,0.00,420,420,
,0.02,423,423,
,0.03,425,425,
,0.05,428,428,
,0.07,430,430,
,0.08,433,433,
,0.10,435,435,
,0.12,437,438,
,0.13,440,440,
,0.15,442,442,
,0.17,445,445,
,0.18,447,447,
,0.20,450,450,
,0.22,452,452,
,0.23,454,455,
,0.25,457,457,
,0.27,459,460,
,0.28,461,462,
,0.30,464,464,
,0.32,466,467,
,0.33,468,469,
,0.35,471,472,
,0.37,473,474,
,0.38,475,476,
,0.40,478,479,
,0.42,480,481,
,0.43,482,483,
,0.45,484,486,
,0.47,487,488,
,0.48,489,490,
,0.50,491,493,
,0.52,493,495,
,0.53,495,497,
,0.55,498,500,
,0.57,500,502,
,0.58,502,504,
,0.60,504,507,
,0.62,506,509,
,0.63,508,511,
,0.65,511,513,
,0.67,513,516,
,0.68,515,518,
,0.70,517,520,
,0.72,519,522,
,0.73,521,525,
,0.75,523,527,
,0.77,525,529,
,0.78,527,531,
,0.80,529,533,
,0.82,531,536,
,0.83,533,538,
,0.85,535,540,
,0.87,537,542,
,0.88,539,544,
,0.90,541,546,
,0.92,543,549,
,0.93,545,551,
,0.95,547,553,
,0.97,549,555,
,0.98,551,557,
,1.00,553,559,
,1.02,555,561,
,1.03,557,564,
,1.05,559,566,
,1.07,561,568,
,1.08,563,570,
,1.10,565,572,
,1.12,566,574,
,1.13,568,576,
,1.15,570,578,
,1.17,572,580,
,1.18,574,582,
,1.20,576,584,
,1.22,578,586,
,1.23,579,588,
,1.25,581,590,
,1.27,583,593,
,1.28,585,595,
,1.30,587,597,
,1.32,588,599,
,1.33,590,601,
,1.35,592,603,
,1.37,594,605,
,1.38,595,607,
,1.40,597,609,
,1.42,599,611,
,1.43,601,612,
,1.45,602,614,
,1.47,604,616,
,1.48,606,618,
,1.50,607,620,
,1.52,609,622,
,1.53,611,624,
,1.55,612,626,
,1.57,614,628,
,1.58,616,630,
,1.60,617,632,
,1.62,619,634,
,1.63,621,636,
,1.65,622,638,
,1.67,624,639,
,1.68,625,641,
,1.70,627,643,
,1.72,629,645,
,1.73,630,647,
,1.75,632,649,
,1.77,633,651,
,1.78,635,653,
,1.80,637,654,
,1.82,638,656,
,1.83,640,658,
,1.85,641,660,
,1.87,643,662,
,1.88,644,664,
,1.90,646,665,
,1.92,647,667,
,1.93,649,669,
,1.95,650,671,
,1.97,652,673,
,1.98,653,674,
,2.00,655,676,
,2.02,656,678,
,2.03,658,680,
,2.05,659,682,
,2.07,661,683,
,2.08,662,685,
,2.10,663,687,
,2.12,665,689,
,2.13,666,690,
,2.15,668,692,
,2.17,669,694,
,2.18,671,695,
,2.20,672,697,
,2.22,673,699,
,2.23,675,701,
,2.25,676,702,
,2.27,678,704,
,2.28,679,706,
,2.30,680,707,
,2.32,682,709,
,2.33,683,711,
,2.35,684,712,
,2.37,686,714,
,2.38,687,716,
,2.40,688,717,
,2.42,690,719,
,2.43,691,721,
,2.45,692,722,
,2.47,694,724,
,2.48,695,726,
,2.50,696,727,
,2.52,697,729,
,2.53,699,731,
,2.55,700,732,
,2.57,701,734,
,2.58,703,735,
,2.60,704,737,
,2.62,705,739,
,2.63,706,740,
,2.65,708,742,
,2.67,709,743,
,2.68,710,745,
,2.70,711,747,
,2.72,712,748,
,2.73,714,750,
,2.75,715,751,
,2.77,716,753,
,2.78,717,754,
,2.80,718,756,
,2.82,720,758,
,2.83,721,759,
,2.85,722,761,
,2.87,723,762,
,2.88,724,764,
,2.90,725,765,
,2.92,727,767,
,2.93,728,768,
,2.95,729,770,
,2.97,730,771,
,2.98,731,773,
,3.00,732,774,
,3.02,733,776,
,3.03,735,777,
,3.05,736,779,
,3.07,737,780,
,3.08,738,782,
,3.10,739,783,
,3.12,740,785,
,3.13,741,786,
,3.15,742,788,
,3.17,743,789,
,3.18,744,790,
,3.20,745,792,
,3.22,747,793,
,3.23,748,795,
,3.25,749,796,
,3.27,750,798,
,3.28,751,799,
,3.30,752,800,
,3.32,753,802,
,3.33,754,803,
,3.35,755,805,
,3.37,756,806,
,3.38,757,807,
,3.40,758,809,
,3.42,759,810,
,3.43,760,812,
,3.45,761,813,
,3.47,762,814,
,3.48,763,816,
,3.50,764,817,
,3.52,765,819,
,3.53,766,820,
,3.55,767,821,
,3.57,768,823,
,3.58,769,824,
,3.60,770,825,
,3.62,771,827,
,3.63,772,828,
,3.65,773,829,
,3.67,774,831,
,3.68,774,832,
,3.70,775,833,
,3.72,776,835,
,3.73,777,836,
,3.75,778,837,
,3.77,779,839,
,3.78,780,840,
,3.80,781,841,
,3.82,782,842,
,3.83,783,844,
,3.85,784,845,
,3.87,785,846,
,3.88,785,848,
,3.90,786,849,
,3.92,787,850,
,3.93,788,851,
,3.95,789,853,
,3.97,790,854,
,3.98,791,855,
,4.00,792,857,
,4.02,792,858,
,4.03,793,859,
,4.05,794,860,
,4.07,795,861,
,4.08,796,863,
,4.10,797,864,
,4.12,797,865,
,4.13,798,866,
,4.15,799,868,
,4.17,800,869,
,4.18,801,870,
,4.20,802,871,
,4.22,802,872,
,4.23,803,874,
,4.25,804,875,
,4.27,805,876,
,4.28,806,877,
,4.30,806,878,
,4.32,807,880,
,4.33,808,881,
,4.35,809,882,
,4.37,810,883,
,4.38,810,884,
,4.40,811,886,
,4.42,812,887,
,4.43,813,888,
,4.45,813,889,
,4.47,814,890,
,4.48,815,891,
,4.50,816,893,
,4.52,816,894,
,4.53,817,895,
,4.55,818,896,
,4.57,819,897,
,4.58,819,898,
,4.60,820,899,
,4.62,821,900,
,4.63,822,902,
,4.65,822,903,
,4.67,823,904,
,4.68,824,905,
,4.70,824,906,
,4.72,825,907,
,4.73,826,908,
,4.75,827,909,
,4.77,827,910,
,4.78,828,912,
,4.80,829,913,
,4.82,829,914,
,4.83,830,915,
,4.85,831,916,
,4.87,831,917,
,4.88,832,918,
,4.90,833,919,
,4.92,833,920,
,4.93,834,921,
,4.95,835,922,
,4.97,835,923,
,4.98,836,924,
,5.00,837,926,
,5.02,837,927,
,5.03,838,928,
,5.05,839,929,
,5.07,839,930,
,5.08,840,931,
,5.10,841,932,
,5.12,841,933,
,5.13,842,934,
,5.15,843,935,
,5.17,843,936,
,5.18,844,937,
,5.20,844,938,
,5.22,845,939,
,5.23,846,940,
,5.25,846,941,
,5.27,847,942,
,5.28,847,943,
,5.30,848,944,
,5.32,849,945,
,5.33,849,946,
,5.35,850,947,
,5.37,850,948,
,5.38,851,949,
,5.40,852,950,
,5.42,852,951,
,5.43,853,952,
,5.45,853,953,
,5.47,854,954,
,5.48,855,955,
,5.50,855,956,
,5.52,856,957,
,5.53,856,958,
,5.55,857,959,
,5.57,857,960,
,5.58,858,961,
,5.60,859,961,
,5.62,859,962,
,5.63,860,963,
,5.65,860,964,
,5.67,861,965,
,5.68,861,966,
,5.70,862,967,
,5.72,862,968,
,5.73,863,969,
,5.75,863,970,
,5.77,864,971,
,5.78,865,972,
,5.80,865,973,
,5.82,866,974,
,5.83,866,974,
,5.85,867,975,
,5.87,867,976,
,5.88,868,977,
,5.90,868,978,
,5.92,869,979,
,5.93,869,980,
,5.95,870,981,
,5.97,870,982,
,5.98,871,983,
,6.00,871,983,
,6.02,872,984,
,6.03,872,985,
,6.05,873,986,
,6.07,873,987,
,6.08,874,988,
,6.10,874,989,
,6.12,875,990,
,6.13,875,990,
,6.15,876,991,
,6.17,876,992,
,6.18,877,993,
,6.20,877,994,
,6.22,878,995,
,6.23,878,996,
,6.25,879,996,
,6.27,879,997,
,6.28,879,998,
,6.30,880,999,
,6.32,880,1000,
,6.33,881,1001,
,6.35,881,1001,
,6.37,882,1002,
,6.38,882,1003,
,6.40,883,1004,
,6.42,883,1005,
,6.43,884,1006,
,6.45,884,1006,
,6.47,884,1007,
,6.48,885,1008,
,6.50,885,1009,
,6.52,886,1010,
,6.53,886,1010,
,6.55,887,1011,
,6.57,887,1012,
,6.58,887,1013,
,6.60,888,1014,
,6.62,888,1014,
,6.63,889,1015,
,6.65,889,1016,
,6.67,890,1017,
,6.68,890,1018,
,6.70,890,1018,
,6.72,891,1019,
,6.73,891,1020,
,6.75,892,1021,
,6.77,892,1021,
,6.78,892,1022,
,6.80,893,1023,
,6.82,893,1024,
,6.83,894,1024,
,6.85,894,1025,
,6.87,894,1026,
,6.88,895,1027,
,6.90,895,1028,
,6.92,896,1028,
,6.93,896,1029,
,6.95,896,1030,
,6.97,897,1031,
,6.98,897,1031,
,7.00,898,1032,
,7.02,898,1033,
,7.03,898,1033,
,7.05,899,1034,
,7.07,899,1035,
,7.08,899,1036,
,7.10,900,1036,
,7.12,900,1037,
,7.13,901,1038,
,7.15,901,1039,
,7.17,901,1039,
,7.18,902,1040,
,7.20,902,1041,
,7.22,902,1041,
,7.23,903,1042,
,7.25,903,1043,
,7.27,903,1044,
,7.28,904,1044,
,7.30,904,1045,
,7.32,905,1046,
,7.33,905,1046,
,7.35,905,1047,
,7.37,906,1048,
,7.38,906,1048,
,7.40,906,1049,
,7.42,907,1050,
,7.43,907,1051,
,7.45,907,1051,
,7.47,908,1052,
,7.48,908,1053,
,7.50,908,1053,
,7.52,909,1054,
,7.53,909,1055,
,7.55,909,1055,
,7.57,910,1056,
,7.58,910,1057,
,7.60,910,1057,
,7.62,911,1058,
,7.63,911,1059,
,7.65,911,1059,
,7.67,912,1060,
,7.68,912,1061,
,7.70,912,1061,
,7.72,913,1062,
,7.73,913,1063,
,7.75,913,1063,
,7.77,913,1064,
,7.78,914,1065,
,7.80,914,1065,
,7.82,914,1066,
,7.83,915,1066,
,7.85,915,1067,
,7.87,915,1068,
,7.88,916,1068,
,7.90,916,1069,
,7.92,916,1070,
,7.93,917,1070,
,7.95,917,1071,
,7.97,917,1072,
,7.98,917,1072,
,8.00,918,1073,
,8.02,918,1073,
,8.03,918,1074,
,8.05,919,1075,
,8.07,919,1075,
,8.08,919,1076,
,8.10,919,1076,
,8.12,920,1077,
,8.13,920,1078,
,8.15,920,1078,
,8.17,921,1079,
,8.18,921,1079,
,8.20,921,1080,
,8.22,921,1081,
,8.23,922,1081,
,8.25,922,1082,
,8.27,922,1082,
,8.28,922,1083,
,8.30,923,1084,
,8.32,923,1084,
,8.33,923,1085,
,8.35,924,1085,
,8.37,924,1086,
,8.38,924,1087,
,8.40,924,1087,
,8.42,925,1088,
,8.43,925,1088,
,8.45,925,1089,
,8.47,925,1089,
,8.48,926,1090,
,8.50,926,1091,
,8.52,926,1091,
,8.53,926,1092,
,8.55,927,1092,
,8.57,927,1093,
,8.58,927,1093,
,8.60,927,1094,
,8.62,928,1095,
,8.63,928,1095,
,8.65,928,1096,
,8.67,928,1096,
,8.68,929,1097,
,8.70,929,1097,
,8.72,929,1098,
,8.73,929,1098,
,8.75,930,1099,
,8.77,930,1099,
,8.78,930,1100,
,8.80,930,1101,
,8.82,931,1101,
,8.83,931,1102,
,8.85,931,1102,
,8.87,931,1103,
,8.88,931,1103,
,8.90,932,1104,
,8.92,932,1104,
,8.93,932,1105,
,8.95,932,1105,
,8.97,933,1106,
,8.98,933,1106,
,9.00,933,1107,
,9.02,933,1107,
,9.03,934,1108,
,9.05,934,1108,
,9.07,934,1109,
,9.08,934,1110,
,9.10,934,1110,
,9.12,935,1111,
,9.13,935,1111,
,9.15,935,1112,
,9.17,935,1112,
,9.18,935,1113,
,9.20,936,1113,
,9.22,936,1114,
,9.23,936,1114,
,9.25,936,1115,
,9.27,936,1115,
,9.28,937,1116,
,9.30,937,1116,
,9.32,937,1117,
,9.33,937,1117,
,9.35,938,1118,
,9.37,938,1118,
,9.38,938,1119,
,9.40,938,1119,
,9.42,938,1120,
,9.43,939,1120,
,9.45,939,1120,
,9.47,939,1121,
,9.48,939,1121,
,9.50,939,1122,
,9.52,940,1122,
,9.53,940,1123,
,9.55,940,1123,
,9.57,940,1124,
,9.58,940,1124,
,9.60,940,1125,
,9.62,941,1125,
,9.63,941,1126,
,9.65,941,1126,
,9.67,941,1127,
,9.68,941,1127,
,9.70,942,1128,
,9.72,942,1128,
,9.73,942,1128,
,9.75,942,1129,
,9.77,942,1129,
,9.78,942,1130,
,9.80,943,1130,
,9.82,943,1131,
,9.83,943,1131,
,9.85,943,1132,
,9.87,943,1132,
,9.88,944,1133,
,9.90,944,1133,
,9.92,944,1133,
,9.93,944,1134,
,9.95,944,1134,
,9.97,944,1135,
,9.98,945,1135,
,10.00,945,1136,
,10.02,945,1136,
,10.03,945,1136,
,10.05,945,1137,
,10.07,945,1137,
,10.08,946,1138,
,10.10,946,1138,
,10.12,946,1139,
,10.13,946,1139,
,10.15,946,1140,
,10.17,946,1140,
,10.18,947,1140,
,10.20,947,1141,
,10.22,947,1141,
,10.23,947,1142,
,10.25,947,1142,
,10.27,947,1142,
,10.28,948,1143,
,10.30,948,1143,
,10.32,948,1144,
,10.33,948,1144,
,10.35,948,1145,
,10.37,948,1145,
,10.38,948,1145,
,10.40,949,1146,
,10.42,949,1146,
,10.43,949,1147,
,10.45,949,1147,
,10.47,949,1147,
,10.48,949,1148,
,10.50,950,1148,
,10.52,950,1149,
,10.53,950,1149,
,10.55,950,1149,
,10.57,950,1150,
,10.58,950,1150,
,10.60,950,1151,
,10.62,951,1151,
,10.63,951,1151,
,10.65,951,1152,
,10.67,951,1152,
,10.68,951,1153,
,10.70,951,1153,
,10.72,951,1153,
,10.73,952,1154,
,10.75,952,1154,
,10.77,952,1154,
,10.78,952,1155,
,10.80,952,1155,
,10.82,952,1156,
,10.83,952,1156,
,10.85,953,1156,
,10.87,953,1157,
,10.88,953,1157,
,10.90,953,1157,
,10.92,953,1158,
,10.93,953,1158,
,10.95,953,1159,
,10.97,953,1159,
,10.98,954,1159,
,11.00,954,1160,
,11.02,954,1160,
,11.03,954,1160,
,11.05,954,1161,
,11.07,954,1161,
,11.08,954,1162,
,11.10,954,1162,
,11.12,955,1162,
,11.13,955,1163,
,11.15,955,1163,
,11.17,955,1163,
,11.18,955,1164,
,11.20,955,1164,
,11.22,955,1164,
,11.23,955,1165,
,11.25,956,1165,
,11.27,956,1165,
,11.28,956,1166,
,11.30,956,1166,
,11.32,956,1166,
,11.33,956,1167,
,11.35,956,1167,
,11.37,956,1168,
,11.38,957,1168,
,11.40,957,1168,
,11.42,957,1169,
,11.43,957,1169,
,11.45,957,1169,
,11.47,957,1170,
,11.48,957,1170,
,11.50,957,1170,
,11.52,957,1171,
,11.53,958,1171,
,11.55,958,1171,
,11.57,958,1172,
,11.58,958,1172,
,11.60,958,1172,
,11.62,958,1173,
,11.63,958,1173,
,11.65,958,1173,
,11.67,958,1174,
,11.68,959,1174,
,11.70,959,1174,
,11.72,959,1175,
,11.73,959,1175,
,11.75,959,1175,
,11.77,959,1175,
,11.78,959,1176,
,11.80,959,1176,
,11.82,959,1176,
,11.83,960,1177,
,11.85,960,1177,
,11.87,960,1177,
,11.88,960,1178,
,11.90,960,1178,
,11.92,960,1178,
,11.93,960,1179,
,11.95,960,1179,
,11.97,960,1179,
,11.98,960,1180,
,12.00,961,1180,
,12.02,961,1180,
,12.03,961,1180,
,12.05,961,1181,
,12.07,961,1181,
,12.08,961,1181,
,12.10,961,1182,
,12.12,961,1182,
,12.13,961,1182,
,12.15,961,1183,
,12.17,962,1183,
,12.18,962,1183,
,12.20,962,1184,
,12.22,962,1184,
,12.23,962,1184,
,12.25,962,1184,
,12.27,962,1185,
,12.28,962,1185,
,12.30,962,1185,
,12.32,962,1186,
,12.33,962,1186,
,12.35,963,1186,
,12.37,963,1186,
,12.38,963,1187,
,12.40,963,1187,
,12.42,963,1187,
,12.43,963,1188,
,12.45,963,1188,
,12.47,963,1188,
,12.48,963,1188,
,12.50,963,1189,
,12.52,963,1189,
,12.53,964,1189,
,12.55,964,1190,
,12.57,964,1190,
,12.58,964,1190,
,12.60,964,1190,
,12.62,964,1191,
,12.63,964,1191,
,12.65,964,1191,
,12.67,964,1191,
,12.68,964,1192,
,12.70,964,1192,
,12.72,964,1192,
,12.73,965,1193,
,12.75,965,1193,
,12.77,965,1193,
,12.78,965,1193,
,12.80,965,1194,
,12.82,965,1194,
,12.83,965,1194,
,12.85,965,1194,
,12.87,965,1195,
,12.88,965,1195,
,12.90,965,1195,
,12.92,965,1196,
,12.93,965,1196,
,12.95,966,1196,
,12.97,966,1196,
,12.98,966,1197,
,13.00,966,1197,
,13.02,966,1197,
,13.03,966,1197,
,13.05,966,1198,
,13.07,966,1198,
,13.08,966,1198,
,13.10,966,1198,
,13.12,966,1199,
,13.13,966,1199,
,13.15,966,1199,
,13.17,967,1199,
,13.18,967,1200,
,13.20,967,1200,
,13.22,967,1200,
,13.23,967,1200,
,13.25,967,1201,
,13.27,967,1201,
,13.28,967,1201,
,13.30,967,1201,
,13.32,967,1202,
,13.33,967,1202,
,13.35,967,1202,
,13.37,967,1202,
,13.38,967,1203,
,13.40,967,1203,
,13.42,968,1203,
,13.43,968,1203,
,13.45,968,1204,
,13.47,968,1204,
,13.48,968,1204,
,13.50,968,1204,
,13.52,968,1204,
,13.53,968,1205,
,13.55,968,1205,
,13.57,968,1205,
,13.58,968,1205,
,13.60,968,1206,
,13.62,968,1206,
,13.63,968,1206,
,13.65,968,1206,
,13.67,969,1207,
,13.68,969,1207,
,13.70,969,1207,
,13.72,969,1207,
,13.73,969,1207,
,13.75,969,1208,
,13.77,969,1208,
,13.78,969,1208,
,13.80,969,1208,
,13.82,969,1209,
,13.83,969,1209,
,13.85,969,1209,
,13.87,969,1209,
,13.88,969,1209,
,13.90,969,1210,
,13.92,969,1210,
,13.93,970,1210,
,13.95,970,1210,
,13.97,970,1211,
,13.98,970,1211,
,14.00,970,1211,
,14.02,970,1211,
,14.03,970,1211,
,14.05,970,1212,
,14.07,970,1212,
,14.08,970,1212,
,14.10,970,1212,
,14.12,970,1213,
,14.13,970,1213,
,14.15,970,1213,
,14.17,970,1213,
,14.18,970,1213,
,14.20,970,1214,
,14.22,970,1214,
,14.23,971,1214,
,14.25,971,1214,
,14.27,971,1214,
,14.28,971,1215,
,14.30,971,1215,
,14.32,971,1215,
,14.33,971,1215,
,14.35,971,1215,
,14.37,971,1216,
,14.38,971,1216,
,14.40,971,1216,
,14.42,971,1216,
,14.43,971,1216,
,14.45,971,1217,
,14.47,971,1217,
,14.48,971,1217,
,14.50,971,1217,
,14.52,971,1217,
,14.53,971,1218,
,14.55,972,1218,
,14.57,972,1218,
,14.58,972,1218,
,14.60,972,1218,
,14.62,972,1219,
,14.63,972,1219,
,14.65,972,1219,
,14.67,972,1219,
,14.68,972,1219,
,14.70,972,1220,
,14.72,972,1220,
,14.73,972,1220,
,14.75,972,1220,
,14.77,972,1220,
,14.78,972,1221,
,14.80,972,1221,
,14.82,972,1221,
,14.83,972,1221,
,14.85,972,1221,
,14.87,972,1221,
,14.88,972,1222,
,14.90,973,1222,
,14.92,973,1222,
,14.93,973,1222,
,14.95,973,1222,
,14.97,973,1223,
,14.98,973,1223,
,15.00,973,1223,
,15.02,973,1223,
,15.03,973,1223,
,15.05,973,1223,
,15.07,973,1224,
,15.08,973,1224,
,15.10,973,1224,
,15.12,973,1224,
,15.13,973,1224,
,15.15,973,1225,
,15.17,973,1225,
,15.18,973,1225,
,15.20,973,1225,
,15.22,973,1225,
,15.23,973,1225,
,15.25,973,1226,
,15.27,973,1226,
,15.28,974,1226,
,15.30,974,1226,
,15.32,974,1226,
,15.33,974,1226,
,15.35,974,1227,
,15.37,974,1227,
,15.38,974,1227,
,15.40,974,1227,
,15.42,974,1227,
,15.43,974,1228,
,15.45,974,1228,
,15.47,974,1228,
,15.48,974,1228,
,15.50,974,1228,
,15.52,974,1228,
,15.53,974,1229,
,15.55,974,1229,
,15.57,974,1229,
,15.58,974,1229,
,15.60,974,1229,
,15.62,974,1229,
,15.63,974,1229,
,15.65,974,1230,
,15.67,974,1230,
,15.68,974,1230,
,15.70,974,1230,
,15.72,975,1230,
,15.73,975,1230,
,15.75,975,1231,
,15.77,975,1231,
,15.78,975,1231,
,15.80,975,1231,
,15.82,975,1231,
,15.83,975,1231,
,15.85,975,1232,
,15.87,975,1232,
,15.88,975,1232,
,15.90,975,1232,
,15.92,975,1232,
,15.93,975,1232,
,15.95,975,1232,
,15.97,975,1233,
,15.98,975,1233,
,16.00,975,1233,
,16.02,975,1233,
,16.03,975,1233,
,16.05,975,1233,
,16.07,975,1234,
,16.08,975,1234,
,16.10,975,1234,
,16.12,975,1234,
,16.13,975,1234,
,16.15,975,1234,
,16.17,975,1234,
,16.18,975,1235,
,16.20,975,1235,
,16.22,976,1235,
,16.23,976,1235,
,16.25,976,1235,
,16.27,976,1235,
,16.28,976,1235,
,16.30,976,1236,
,16.32,976,1236,
,16.33,976,1236,
,16.35,976,1236,
,16.37,976,1236,
,16.38,976,1236,
,16.40,976,1236,
,16.42,976,1237,
,16.43,976,1237,
,16.45,976,1237,
,16.47,976,1237,
,16.48,976,1237,
,16.50,976,1237,
,16.52,976,1237,
,16.53,976,1238,
,16.55,976,1238,
,16.57,976,1238,
,16.58,976,1238,
,16.60,976,1238,
,16.62,976,1238,
,16.63,976,1238,
,16.65,976,1239,
,16.67,976,1239,
,16.68,976,1239,
,16.70,976,1239,
,16.72,976,1239,
,16.73,976,1239,
,16.75,976,1239,
,16.77,977,1240,
,16.78,977,1240,
,16.80,977,1240,
,16.82,977,1240,
,16.83,977,1240,
,16.85,977,1240,
,16.87,977,1240,
,16.88,977,1240,
,16.90,977,1241,
,16.92,977,1241,
,16.93,977,1241,
,16.95,977,1241,
,16.97,977,1241,
,16.98,977,1241,
,17.00,977,1241,
,17.02,977,1241,
,17.03,977,1242,
,17.05,977,1242,
,17.07,977,1242,
,17.08,977,1242,
,17.10,977,1242,
,17.12,977,1242,
,17.13,977,1242,
,17.15,977,1242,
,17.17,977,1243,
,17.18,977,1243,
,17.20,977,1243,
,17.22,977,1243,
,17.23,977,1243,
,17.25,977,1243,
,17.27,977,1243,
,17.28,977,1243,
,17.30,977,1244,
,17.32,977,1244,
,17.33,977,1244,
,17.35,977,1244,
,17.37,977,1244,
,17.38,977,1244,
,17.40,977,1244,
,17.42,977,1244,
,17.43,978,1245,
,17.45,978,1245,
,17.47,978,1245,
,17.48,978,1245,
,17.50,978,1245,
,17.52,978,1245,
,17.53,978,1245,
,17.55,978,1245,
,17.57,978,1245,
,17.58,978,1246,
,17.60,978,1246,
,17.62,978,1246,
,17.63,978,1246,
,17.65,978,1246,
,17.67,978,1246,
,17.68,978,1246,
,17.70,978,1246,
,17.72,978,1247,
,17.73,978,1247,
,17.75,978,1247,
,17.77,978,1247,
,17.78,978,1247,
,17.80,978,1247,
,17.82,978,1247,
,17.83,978,1247,
,17.85,978,1247,
,17.87,978,1248,
,17.88,978,1248,
,17.90,978,1248,
,17.92,978,1248,
,17.93,978,1248,
,17.95,978,1248,
,17.97,978,1248,
,17.98,978,1248,
,18.00,978,1248,
,18.02,978,1248,
,18.03,978,1249,
,18.05,978,1249,
,18.07,978,1249,
,18.08,978,1249,
,18.10,978,1249,
,18.12,978,1249,
,18.13,978,1249,
,18.15,978,1249,
,18.17,978,1249,
,18.18,978,1250,
,18.20,978,1250,
,18.22,978,1250,
,18.23,978,1250,
,18.25,979,1250,
,18.27,979,1250,
,18.28,979,1250,
,18.30,979,1250,
,18.32,979,1250,
,18.33,979,1250,
,18.35,979,1251,
,18.37,979,1251,
,18.38,979,1251,
,18.40,979,1251,
,18.42,979,1251,
,18.43,979,1251,
,18.45,979,1251,
,18.47,979,1251,
,18.48,979,1251,
,18.50,979,1251,
,18.52,979,1252,
,18.53,979,1252,
,18.55,979,1252,
,18.57,979,1252,
,18.58,979,1252,
,18.60,979,1252,
,18.62,979,1252,
,18.63,979,1252,
,18.65,979,1252,
,18.67,979,1252,
,18.68,979,1253,
,18.70,979,1253,
,18.72,979,1253,
,18.73,979,1253,
,18.75,979,1253,
,18.77,979,1253,
,18.78,979,1253,
,18.80,979,1253,
,18.82,979,1253,
,18.83,979,1253,
,18.85,979,1253,
,18.87,979,1254,
,18.88,979,1254,
,18.90,979,1254,
,18.92,979,1254,
,18.93,979,1254,
,18.95,979,1254,
,18.97,979,1254,
,18.98,979,1254,
,19.00,979,1254,
,19.02,979,1254,
,19.03,979,1254,
,19.05,979,1255,
,19.07,979,1255,
,19.08,979,1255,
